     t03  t04  t05  t06  t07  t08  t09   t10   t11   t12
1    440  457  474  493  507  556  574   599   621   642
11   763  838  929 1028 1168 1262 1353  1443  1544  1616
21   550  571  596  627  641  714  743   785   820   860
31   403  441  478  523  554  604  632   678   740   755
41   376  420  467  505  562  619  676   725   781   804
51   486  521  552  561  593  612  645   703   751   782
61  6713 7362 8031 8388 8793 9220 9705 10205 10645 10869
71   836  883  924  963 1018 1132 1201  1261  1328  1376
81   612  638  652  677  706  730  782   820   854   887
91   596  643  671  735  837  866  905   937   971   986
101  816  836  857  876  906  932  954   985  1016  1031
111  514  544  568  599  647  676  710   751   783   799
121  436  442  446  455  459  459  459   457   453   457
131  961 1048 1141 1237 1346 1501 1615  1746  1882  1962
141  381  392  396  413  427  436  459   470   496   513
151  431  439  439  450  453  465  471   481   484   481
161 4807 5373 5940 6515 7119 8037 8883  9648 10374 10764
171  391  414  441  448  465  477  505   517   537   548
181  645  681  716  739  790  843  892   933   976  1015
191  372  381  390  412  438  449  468   486   509   530
201  484  502  519  542  558  594  612   635   661   673
211  534  592  649  786  885 1001 1108  1223  1331  1380
221  545  570  595  637  663  692  698   712   742   756
231  429  456  479  503  537  576  598   625   654   682
241  381  401  425  456  468  487  518   544   561   570
251  759  774  791  797  796  801  815   811   813   816
261  415  420  430  446  466  487  502   530   543   558
271  513  600  715  829  951 1101 1233  1389  1597  1683
281  731  753  807  858  897  954 1010  1081  1123  1172
291 1300 1332 1374 1412 1446 1523 1568  1622  1668  1689
301  741  783  280  446  616  786  938  1086  1267  1335
311  469  486  510  521  535  550  560   577   588   598
321  445  449  455  523  543  555  569   577   601   605
331  491  511  520  557  766  870  981  1078  1192  1269
341  844  845  861  860  864  862  863   871   877   881
351  550  603  645  692  742  807  854   930   997  1041
361  388  427  483  529  592  663  716   763   829   859
371  579  637  686  760  831  901  967  1034  1084  1105
381  396  424  446  475  502  529  564   592   628   646
391  402  406  413  416  424  426  429   431   436   449
401  383  434  471  545  655  762  859   995  1118  1169
411  439  483  555  623  693  763  818   903   985  1029
421  474  511  528  541  556  574  590   619   632   637
431  608  716  787  887  981 1098 1203  1329  1472  1525
441 3723 3862 4012 4158 4323 4531 4706  4849  5000  5071
451 1711 1836 1949 2127 2245 2500 2761  3004  3213  3309
461  452  492  528  555  581  632  659   694   737   756
471  415  424  454  476  495  523  546   575   597   613
481  874  903  905 1153 1157 1659 1736  2846  2923  2907
491  470  536  536  695  705  956  952  1374  1922  1906
501 1137 1261 1346 1470 1578 1699 1856  1986  2109  2165
511  406  425  439  458  461  467  482   488   503   509
521  532  535  536  536  539  540  538   531   535   536
531  408  444  458  486  505  536  554   572   608   617
541  876  923  970 1028 1090 1149 1197  1244  1317  1357
551  389  424  450  474  502  528  559   600   636   661
561 1512 1620 1730 1868 1987 2141 2319  2489  2670  2738
571 1068 1130 1186 1255 1311 1375 1438  1504  1561  1584
581 1258 1325 1386 1441 1497 1571 1640  1745  1842  1894
591  436  458  481  509  533  556  580   607   631   645
601  666  704  761  827  881  951  987  1061  1169  1203
611  658  732  830  928 1033 1154 1273  1409  1543  1614
621  501  504  505  509  511  504  506   506   508   509
631  968  977  984  989  993 1006   61    61    63    65
641  596  605  631  655  667  689  708   729   749   758
651 1630 1721 1864 2018 2198 2364 2520  2678  2875  2958
661  718  788  859  943 1038 1126 1234  1314  1403  1442
671 1878 1977 2097 2225 2358 2492 2614  2772  2906  3013
681  446  449  454  463  468  474  475   483   489   493
691  805  836  859  890  918  942  956   981   984   992
701  395  478  593  692  803  933 1065  1229  1349  1431
711  838  980 1174 1353 1541 1805 1955  2102  2261  2337
721  824  854  899  947  985  985  989   990   990  1016
731  382  395  404  406  410  418  431   440   444   447
741  666  702  736  779  806  839  884   921   961   983
751 2973 3112 3253 3458 3616 3787 3964  4163  4312  4420
761  601  608  637  653  673  692  714   748   774   803
771  406  427  455  487  520  566  593   609   647   663
781  555  616  652  708  754  799  847   917   992  1039
791  626  627  637  641  644  639  635   639   646   655
801  627  662  686  704  724  735  765   780   807   820
811  526  545  582  634  660  689  752   784   808   820
821  449  466  493  510  542  574  594   640   674   697
831  390  402  414  421  428  436  438   444   458   468
841  429  431  433  437  439  444  449   461   470   474
851  492  514  532  560  596  602  606   620   659   670
861  393  402  416  421  437  462  472   488   509   520
871  476  508  565  614  671  725  775   825   884   920
881  823  869  914  960 1005 1059 1112  1163  1210  1229
891 1122 1176 1266 1355 1451 1532 1600  1693  1793  1839
901  397  417  438  456  507  530  561   600   647   656
911  662  718  805  885  954 1041 1157  1290  1418  1501
921  931  972 1001 1044 1077 1118 1173  1217  1263  1284
931  404  429  441  461  477  490  509   525   529   542
941  597  622  652  691  730  756  800   845   896   918
951  450  497  546  595  650  707  761   815   872   912
961  566  568   97  562  107  116  570   564   561   155
971  433  440  453  459  468  478  489   495   509   512
981  513  544  589  634  677  729  787   858   898   918
991  754  804  864  929  989 1056 1260  1388  1480  1536
lavaan (0.5-11) converged normally after 608 iterations

  Number of observations                           100

  Estimator                                         ML
  Minimum Function Test Statistic             1162.214
  Degrees of freedom                                50
  P-value (Chi-square)                           0.000

Model test baseline model:

  Minimum Function Test Statistic             5947.637
  Degrees of freedom                                45
  P-value                                        0.000

Full model versus baseline model:

  Comparative Fit Index (CFI)                    0.812
  Tucker-Lewis Index (TLI)                       0.830

Loglikelihood and Information Criteria:

  Loglikelihood user model (H0)              -6121.942
  Loglikelihood unrestricted model (H1)      -5540.835

  Number of free parameters                         15
  Akaike (AIC)                               12273.885
  Bayesian (BIC)                             12312.962
  Sample-size adjusted Bayesian (BIC)        12265.589

Root Mean Square Error of Approximation:

  RMSEA                                          0.472
  90 Percent Confidence Interval          0.448  0.495
  P-value RMSEA <= 0.05                          0.000

Standardized Root Mean Square Residual:

  SRMR                                           0.014

Parameter estimates:

  Information                                 Expected
  Standard Errors                             Standard

                   Estimate  Std.err  Z-value  P(>|z|)
Latent variables:
  i =~
    t03               1.000
    t04               1.000
    t05               1.000
    t06               1.000
    t07               1.000
    t08               1.000
    t09               1.000
    t10               1.000
    t11               1.000
    t12               1.000
  s =~
    t03               0.000
    t04               1.000
    t05               2.000
    t06               3.000
    t07               4.000
    t08               5.000
    t09               6.000
    t10               7.000
    t11               8.000
    t12               9.000

Covariances:
  i ~~
    s             60766.285 10057.923    6.042    0.000

Intercepts:
    t03               0.000
    t04               0.000
    t05               0.000
    t06               0.000
    t07               0.000
    t08               0.000
    t09               0.000
    t10               0.000
    t11               0.000
    t12               0.000
    i               779.186   87.872    8.867    0.000
    s                61.096    9.111    6.706    0.000

Variances:
    t03            1858.043  301.966
    t04            -430.860  143.267
    t05            7948.429 1081.499
    t06            5074.456  695.844
    t07            9372.658 1314.319
    t08            6188.597  891.649
    t09            5721.448  856.795
    t10            4148.631  678.052
    t11            3868.660  694.668
    t12            1643.794  547.856
    i             773125.039 109200.584
    s              8302.476 1174.036

lavaan (0.5-11) converged normally after 530 iterations

  Number of observations                           100

  Estimator                                         ML
  Minimum Function Test Statistic             2489.260
  Degrees of freedom                                46
  P-value (Chi-square)                           0.000

Model test baseline model:

  Minimum Function Test Statistic             5947.637
  Degrees of freedom                                45
  P-value                                        0.000

Full model versus baseline model:

  Comparative Fit Index (CFI)                    0.586
  Tucker-Lewis Index (TLI)                       0.595

Loglikelihood and Information Criteria:

  Loglikelihood user model (H0)              -6785.466
  Loglikelihood unrestricted model (H1)      -5540.835

  Number of free parameters                         19
  Akaike (AIC)                               13608.931
  Bayesian (BIC)                             13658.429
  Sample-size adjusted Bayesian (BIC)        13598.423

Root Mean Square Error of Approximation:

  RMSEA                                          0.729
  90 Percent Confidence Interval          0.705  0.753
  P-value RMSEA <= 0.05                          0.000

Standardized Root Mean Square Residual:

  SRMR                                           0.457

Parameter estimates:

  Information                                 Expected
  Standard Errors                             Standard

                   Estimate  Std.err  Z-value  P(>|z|)
Latent variables:
  i =~
    t03               1.000
    t04               1.000
    t05               1.000
    t06               1.000
    t07               1.000
    t08               1.000
    t09               1.000
    t10               1.000
    t11               1.000
    t12               1.000
  s =~
    t03               0.000
    t04               1.000
    t05               2.000
    t06               3.000
    t07               4.000
    t08               5.000
    t09               6.000
    t10               7.000
    t11               8.000
    t12               9.000
  quad =~
    t03               0.000
    t04               1.000
    t05               4.000
    t06               9.000
    t07              16.000
    t08              25.000
    t09              36.000
    t10              49.000
    t11              64.000
    t12              81.000

Covariances:
  i ~~
    s             43480.816 8485.798    5.124    0.000
    quad          -2843.632  215.309  -13.207    0.000
  s ~~
    quad             78.473  147.150    0.533    0.594

Intercepts:
    t03               0.000
    t04               0.000
    t05               0.000
    t06               0.000
    t07               0.000
    t08               0.000
    t09               0.000
    t10               0.000
    t11               0.000
    t12               0.000
    i               705.525   33.595   21.001    0.000
    s                78.540   24.395    3.219    0.001
    quad             -0.720    0.433   -1.662    0.096

Variances:
    t03           609916.983 55915.331
    t04           308726.717 28860.597
    t05           135687.178 13208.202
    t06           36840.501 3871.762
    t07            5410.566 1043.203
    t08            2327.371  462.888
    t09           11603.040 1347.788
    t10            6687.176  766.135
    t11             605.975  521.965
    t12            7511.980  768.842
    i             11239.157 17074.225
    s             47791.346 8444.692
    quad            -56.463    5.380

lavaan (0.5-11) converged normally after 1072 iterations

  Number of observations                           100

  Estimator                                         ML
  Minimum Function Test Statistic             1711.048
  Degrees of freedom                                41
  P-value (Chi-square)                           0.000

Model test baseline model:

  Minimum Function Test Statistic             5947.637
  Degrees of freedom                                45
  P-value                                        0.000

Full model versus baseline model:

  Comparative Fit Index (CFI)                    0.717
  Tucker-Lewis Index (TLI)                       0.689

Loglikelihood and Information Criteria:

  Loglikelihood user model (H0)              -6396.359
  Loglikelihood unrestricted model (H1)      -5540.835

  Number of free parameters                         24
  Akaike (AIC)                               12840.719
  Bayesian (BIC)                             12903.243
  Sample-size adjusted Bayesian (BIC)        12827.445

Root Mean Square Error of Approximation:

  RMSEA                                          0.638
  90 Percent Confidence Interval          0.613  0.664
  P-value RMSEA <= 0.05                          0.000

Standardized Root Mean Square Residual:

  SRMR                                           0.659

Parameter estimates:

  Information                                 Expected
  Standard Errors                             Standard

                   Estimate  Std.err  Z-value  P(>|z|)
Latent variables:
  i =~
    t03               1.000
    t04               1.000
    t05               1.000
    t06               1.000
    t07               1.000
    t08               1.000
    t09               1.000
    t10               1.000
    t11               1.000
    t12               1.000
  s =~
    t03               0.000
    t04               1.000
    t05               2.000
    t06               3.000
    t07               4.000
    t08               5.000
    t09               6.000
    t10               7.000
    t11               8.000
    t12               9.000
  quad =~
    t03               0.000
    t04               1.000
    t05               4.000
    t06               9.000
    t07              16.000
    t08              25.000
    t09              36.000
    t10              49.000
    t11              64.000
    t12              81.000
  cube =~
    t03               0.000
    t04               1.000
    t05               8.000
    t06              27.000
    t07              64.000
    t08             125.000
    t09             216.000
    t10             343.000
    t11             512.000
    t12             729.000

Covariances:
  i ~~
    s             76857.566 13696.411    5.612    0.000
    quad          -6759.731 3135.476   -2.156    0.031
    cube            212.096  190.012    1.116    0.264
  s ~~
    quad          -16227.878 2448.116   -6.629    0.000
    cube           1080.183  150.345    7.185    0.000
  quad ~~
    cube           -299.386   37.107   -8.068    0.000

Intercepts:
    t03               0.000
    t04               0.000
    t05               0.000
    t06               0.000
    t07               0.000
    t08               0.000
    t09               0.000
    t10               0.000
    t11               0.000
    t12               0.000
    i               855.047   45.914   18.623    0.000
    s                13.713   25.274    0.543    0.587
    quad             10.568    6.215    1.700    0.089
    cube             -0.721    0.386   -1.869    0.062

Variances:
    t03           520811.143 45015.825
    t04           228416.704 18892.288
    t05           79465.909 6174.462
    t06           23503.928 1781.412
    t07           -3717.402  277.252
    t08            3881.926  314.209
    t09            5380.337  574.120
    t10            1051.305  293.532
    t11            1929.004  240.789
    t12           -3055.981  590.668
    i             27475.963 32733.676
    s             52257.284 10324.100
    quad           4655.702  601.866
    cube             19.106    2.289

     i         s         quad     
i    11239.157                    
s    43480.816 47791.346          
quad -2843.632    78.473   -56.463
Warning in install.packages :
  package ‘polCA’ is not available (for R version 2.15.1)
Warning in install.packages :
  Perhaps you meant ‘poLCA’ ?

The downloaded binary packages are in
	/var/folders/kh/6jt4vmhs67s2p6md05q66sbm0000gn/T//RtmpduZazl/downloaded_packages
